# 60, 9.89,  5, -1.3182035355489696
# 60, 9.89, 10, -2.2453092051696775
# 60, 9.89, 15, -3.0703698652513576
# 60, 9.89, 18, -3.5546421554387200
# 15, 4.94,  5, -3.1281131622092047
# 15, 4.94, 10, -5.7379875925040862
# 15, 4.94, 15, -7.9521868830371636
# 15, 4.94, 18, -9.1407532732893522
60, 9.89,  5, -1.3169174891337745
60, 9.89, 10, -2.2272790211206357
60, 9.89, 15, -3.0731532769950616
60, 9.89, 18, -3.5259671577597724
15, 4.94,  5, -3.1407498968866330
15, 4.94, 10, -5.7304363273161618
15, 4.94, 15, -7.9239877462923465
15, 4.94, 18, -9.1286390989077280
