# 60, 9.89,  5, -0.5826620040880730
# 60, 9.89, 10, -1.1606368344398481
# 60, 9.89, 15, -1.6561166983784101
# 60, 9.89, 18, -1.9340580098313396
# 15, 4.94,  5, -1.5097228533530722
# 15, 4.94, 10, -2.8908330514722120
# 15, 4.94, 15, -4.1172275416436861
# 15, 4.94, 18, -4.8802790843780324
60, 9.89,  5, -0.6079913639589294
60, 9.89, 10, -1.1777067936041781
60, 9.89, 15, -1.6462105311519399
60, 9.89, 18, -1.9279544742682380
15, 4.94,  5, -1.5445999484845163
15, 4.94, 10, -2.9080559010214366
15, 4.94, 15, -4.1553923220657198
15, 4.94, 18, -4.9105372671935799
