# 60, 9.89,  5, -1.3575599417935205
# 60, 9.89, 10, -2.3343062425022656
# 60, 9.89, 15, -3.1960804900301305
# 60, 9.89, 18, -3.7211015471281006
# 15, 4.94,  5, -4.0552498484630748
# 15, 4.94, 10, -7.1039489207142710
# 15, 4.94, 15, -9.7032906921535425
# 15, 4.94, 18, -11.0904659994273533
60, 9.89,  5, -1.3303981484138709
60, 9.89, 10, -2.2605029602834326
60, 9.89, 15, -3.1401873434363901
60, 9.89, 18, -3.6129831912520878
15, 4.94,  5, -3.9556605407106016
15, 4.94, 10, -7.0794821438604174
15, 4.94, 15, -9.6426555250317900
15, 4.94, 18, -10.964847745216735
