# 60, 9.89,  5, -0.6308037926043256
# 60, 9.89, 10, -1.1670790398863440
# 60, 9.89, 15, -1.5298175752061440
# 60, 9.89, 18, -1.7958540898534479
# 15, 4.94,  5, -1.7274043211229262
# 15, 4.94, 10, -3.1339225983835983
# 15, 4.94, 15, -4.3528161354605963
# 15, 4.94, 18, -7.4197965065300027
60, 9.89,  5, -0.6747429441108270
60, 9.89, 10, -1.1777619952366429
60, 9.89, 15, -1.6041294248450664
60, 9.89, 18, -1.8637739347048317
15, 4.94,  5, -1.7315649122531023
15, 4.94, 10, -3.1140255155529228
15, 4.94, 15, -4.3690690863243606
15, 4.94, 18, -7.3979112374139859
