# 15, 4.94,  5, -1.6892825603082215
# 15, 4.94, 10, -3.3198826732336402
# 15, 4.94, 15, -5.0219214999893804
# 15, 4.94, 18, -6.0040788142376886
# 60, 9.89,  5, -0.3777696896198366
# 60, 9.89, 10, -0.7040511993887014
# 60, 9.89, 15, -0.9746084422365825
# 60, 9.89, 18, -1.1233508297010446
15, 4.94,  5, -1.6901812610168361
15, 4.94, 10, -3.1954516908459087
15, 4.94, 15, -4.6144527285078869
15, 4.94, 18, -5.4050645596918807
60, 9.89,  5, -0.3625061526901177
60, 9.89, 10, -0.6836147680025617
60, 9.89, 15, -0.9610977496974509
60, 9.89, 18, -1.1232427335411004
