# 60, 9.89,  5, -2.5330296785247204
# 60, 9.89, 10, -4.3296882764428268
# 60, 9.89, 15, -5.7437474009932270
# 60, 9.89, 18, -6.6286548240126297
# 15, 4.94,  5, -6.0004673305859395
# 15, 4.94, 10, -12.1896278720165228
# 15, 4.94, 15, -14.1138239746200860
# 15, 4.94, 18, -15.2428426341790040
60, 9.89,  5, -2.6160884533161615
60, 9.89, 10, -4.3956986793023018
60, 9.89, 15, -5.9205714962117009
60, 9.89, 18, -6.7109367463496863
15, 4.94,  5, -5.9979971448731328
15, 4.94, 10, -12.1337464573319966
15, 4.94, 15, -14.0937172976696434
15, 4.94, 18, -15.1561306137674894
