# 15, 4.94,  1, -0.7708388034145229
# 15, 4.94,  3, -2.0424871370040778
# 15, 4.94,  5, -3.3223584155869803
# 15, 4.94, 10, -5.9371946735764425
# 15, 4.94, 15, -8.1800252021915263
# 15, 4.94, 18, -9.3515690283177424
# 60, 9.89,  5, -1.0462154591205688
# 60, 9.89, 10, -1.9146081166041153
# 60, 9.89, 15, -2.7285023106575603
# 60, 9.89, 18, -3.1153792113153997
15, 4.94,  5, -3.1186568032477457
15, 4.94, 10, -5.6612381093080497
15, 4.94, 15, -7.8006253177681746
15, 4.94, 18, -8.9294846039253244
60, 9.89,  5, -0.8393744970383180
60, 9.89, 10, -1.6267602766437042
60, 9.89, 15, -2.2744762367154876
60, 9.89, 18, -2.7230421341768101
